18
0
1 -1.11022e-16 2.77556e-16 -0.736693
-1.11022e-16 1 1.38778e-16 -0.155329
2.77556e-16 1.38778e-16 1 0.160537
1
0.942067 0.249559 -0.224122 0.0174615
-0.247376 0.968165 0.0382356 -0.0243587
0.226529 0.0194221 0.973811 0.0228004
2
0.785495 0.463621 -0.409942 0.710606
-0.457579 0.881078 0.119676 -0.192331
0.416676 0.0935757 0.904226 0.15088
3
0.784484 0.465471 -0.409781 0.717467
-0.454173 0.881163 0.131447 -0.213029
0.422269 0.0829937 0.902663 0.151366
4
0.947219 0.23442 -0.218686 0.0253127
-0.232006 0.972009 0.0370328 -0.0292247
0.221246 0.0156583 0.975092 0.00662624
5
0.999982 -0.00196371 -0.00563976 -0.684837
0.00195776 0.999998 -0.00106069 -0.181331
0.00564183 0.00104963 0.999984 0.169312
6
0.999994 -0.000421185 -0.00353153 -0.684966
0.000520935 0.9996 0.0282922 -0.167083
0.0035182 -0.0282939 0.999593 0.193046
7
0.955487 0.217462 -0.199387 0.070757
-0.209558 0.975942 0.060188 -0.0464162
0.207679 -0.0157256 0.978071 0.0504426
8
0.816285 0.431261 -0.384307 0.702
-0.410411 0.901162 0.139532 -0.223229
0.406498 0.0438261 0.9126 0.197739
9
0.816221 0.430732 -0.385036 0.690982
-0.412204 0.901143 0.134276 -0.211375
0.40481 0.0491143 0.913081 0.197018
10
0.943945 0.243042 -0.223378 0.0613891
-0.234728 0.969987 0.0634653 -0.070006
0.232098 -0.00747474 0.972664 0.0777187
11
0.999264 0.0264742 -0.0277497 -0.700441
-0.0255924 0.999171 0.0316648 -0.113439
0.028565 -0.0309313 0.999113 0.141153
12
0.999179 0.0300116 -0.0272117 -0.714559
-0.0294128 0.999322 0.0221432 -0.106353
0.0278578 -0.0213247 0.999384 0.162
13
0.960422 0.200518 -0.193347 0.120002
-0.195386 0.979672 0.0454573 -0.00681212
0.198532 -0.00588089 0.980077 0.0432282
14
0.830418 0.411217 -0.375906 0.716456
-0.396245 0.91022 0.120374 -0.185658
0.391657 0.0489897 0.918806 0.183446
15
0.833618 0.415288 -0.364165 0.679237
-0.398979 0.908682 0.122935 -0.18979
0.381964 0.042813 0.923185 0.191331
16
0.964871 0.197187 -0.173614 0.0162431
-0.191468 0.980262 0.0492673 -0.0470536
0.179902 -0.0142951 0.983581 0.0710066
17
0.999948 0.0100035 -0.00203421 -0.745635
-0.00993213 0.999422 0.0325194 -0.152368
0.00235834 -0.0324975 0.999469 0.172384
