18
0
1 -1.11022e-16 2.77556e-16 -0.736693
-1.11022e-16 1 1.38778e-16 -0.155329
2.77556e-16 1.38778e-16 1 0.160537
1
0.942067 0.249559 -0.224122 0.0174615
-0.247376 0.968165 0.0382356 -0.0243587
0.226529 0.0194221 0.973811 0.0228004
2
0.785495 0.463621 -0.409942 0.710606
-0.457579 0.881078 0.119676 -0.192331
0.416676 0.0935757 0.904226 0.15088
3
0.792267 0.512397 -0.331304 0.447064
-0.404587 0.847588 0.343371 -0.953819
0.456752 -0.138 0.878825 0.224678
4
0.94969 0.23802 -0.203555 -0.0263946
-0.181526 0.947965 0.261556 -0.813218
0.255219 -0.211446 0.94348 0.106518
5
0.997835 -0.0419109 -0.0506804 -0.529032
0.0520952 0.97407 0.220169 -0.953777
0.0401388 -0.222333 0.974144 0.249116
6
0.993372 -0.0679987 -0.0926696 -0.376364
0.100353 0.906189 0.410792 -1.50993
0.0560429 -0.417369 0.907007 0.48944
7
0.959728 0.211659 -0.184721 0.019441
-0.108945 0.886492 0.449736 -1.41394
0.258945 -0.411499 0.873851 0.387392
8
0.832199 0.489821 -0.259848 0.270195
-0.311476 0.800678 0.511759 -1.53075
0.458725 -0.344948 0.818891 0.498266
9
0.841948 0.505685 -0.188165 0.00779236
-0.250477 0.6752 0.693806 -2.17831
0.477896 -0.537018 0.695145 0.907063
10
0.950209 0.24887 -0.187529 -0.0644651
-0.0703734 0.757633 0.648875 -2.1267
0.303564 -0.60337 0.737424 0.84788
11
0.985264 -0.0452275 -0.164955 -0.227195
0.137583 0.782529 0.607222 -2.13628
0.101619 -0.620969 0.77722 0.865339
12
0.975536 -0.0584183 -0.211935 -0.0728163
0.199697 0.638596 0.743179 -2.64414
0.0919259 -0.767321 0.63464 1.37141
13
0.964983 0.18149 -0.189391 0.103875
0.0356351 0.624611 0.780122 -2.5924
0.25988 -0.759554 0.596272 1.31933
14
0.873766 0.468961 -0.128873 -0.144467
-0.170016 0.542793 0.822478 -2.65749
0.455662 -0.696743 0.554005 1.39294
15
0.891804 0.45045 -0.042201 -0.437765
-0.0909953 0.269957 0.958563 -3.14525
0.443177 -0.85101 0.281738 2.27956
16
0.963429 0.181941 -0.196726 0.097397
0.122492 0.353933 0.927215 -3.14926
0.238327 -0.917403 0.318703 2.24085
17
0.951876 -0.0514311 -0.302137 0.301993
0.29942 0.366474 0.880934 -3.15041
0.0654178 -0.929006 0.364237 2.23778
