13
0
1 0.000447656 0.000604032 14.5601
-0.0004467 0.999999 -0.00158173 -0.275693
-0.00060474 0.00158146 0.999999 132.209
1
0.997765 -0.0608088 0.0277172 13.4661
0.0645393 0.984418 -0.163571 3.29345
-0.0173388 0.164994 0.986142 132.537
2
0.996193 -0.0823705 -0.028546 15.0577
0.0722173 0.963166 -0.259027 0.357784
0.0488307 0.25598 0.965448 143.115
3
0.999863 -0.0095311 -0.013541 17.5283
0.0100915 0.999069 0.0419406 -17.9968
0.0131287 -0.0420715 0.999028 139.388
4
0.996822 -0.0488204 0.0629514 4.89584
0.0586227 0.984601 -0.164696 -10.6921
-0.0539415 0.167863 0.984334 117.179
5
0.986767 0.0614464 0.150053 9.86637
-0.0817956 0.987675 0.133447 -20.848
-0.140004 -0.143955 0.979631 119.68
6
0.970609 -0.167812 0.172504 11.843
0.221478 0.903292 -0.367439 6.09693
-0.0941612 0.394845 0.91391 79.4754
7
0.992269 -0.105004 0.0661611 10.8628
0.115853 0.974858 -0.190341 -0.542956
-0.0445112 0.196534 0.979486 82.3699
8
0.995796 -0.0431816 0.080781 12.3553
0.0482461 0.99692 -0.0618298 -3.77002
-0.0778623 0.0654672 0.994812 79.5928
9
0.993228 0.0394021 0.109299 19.4841
-0.044103 0.998188 0.0409299 -10.88
-0.107488 -0.0454732 0.993166 86.5309
10
0.991853 -0.0697147 -0.106615 24.1173
0.0259187 0.92989 -0.366924 -7.43774
0.12472 0.361171 0.924121 105.257
11
0.959189 0.128634 -0.251813 28.0618
-0.226338 0.883067 -0.411051 -8.3899
0.169493 0.451271 0.876143 113.795
12
0.979322 -0.0025541 -0.202291 24.5617
-0.0626285 0.946973 -0.315151 -13.3096
0.192369 0.321303 0.927232 109.165
