13
0
1 0.000447656 0.000604032 14.5601
-0.0004467 0.999999 -0.00158173 -0.275693
-0.00060474 0.00158146 0.999999 132.209
1
0.997765 -0.0608088 0.0277172 13.4661
0.0645393 0.984418 -0.163571 3.29345
-0.0173388 0.164994 0.986142 132.537
2
0.996193 -0.0823705 -0.028546 15.0577
0.0722173 0.963166 -0.259027 0.357784
0.0488307 0.25598 0.965448 143.115
3
0.986046 0.165157 -0.0208704 20.6542
-0.153658 0.951205 0.267579 13.5662
0.0640446 -0.260638 0.96331 131.71
4
0.992937 0.109893 0.044722 6.27241
-0.112579 0.991657 0.0627881 21.8929
-0.0374489 -0.0673794 0.997024 116.052
5
0.968618 0.194595 0.154635 14.1623
-0.238255 0.904147 0.354616 9.46056
-0.0708062 -0.38033 0.922136 108.372
6
0.547144 -0.128485 0.827118 14.7123
0.26016 -0.913104 -0.31394 -20.7894
0.795582 0.386954 -0.466173 75.261
7
0.509803 -0.24814 0.823728 11.3183
0.367174 -0.80315 -0.469184 -27.8729
0.778 0.541643 -0.318338 83.6872
8
0.5505 -0.279882 0.786521 11.2623
0.435812 -0.707219 -0.556695 -30.6574
0.712052 0.649236 -0.267347 84.567
9
0.607647 -0.313645 0.729652 16.4014
0.463538 -0.605947 -0.6465 -36.8746
0.644901 0.731065 -0.222816 94.5088
10
0.86745 0.493137 0.0659355 26.5474
-0.47325 0.776957 0.415177 40.2811
0.15351 -0.391349 0.907348 113.18
11
0.718452 0.688085 0.101808 41.1926
-0.681024 0.666064 0.304246 36.4169
0.141537 -0.287919 0.947138 126.668
12
0.80535 0.590995 0.0462151 31.0941
-0.546101 0.70932 0.445689 34.262
0.230619 -0.384174 0.893994 115.493
