0 1
 1 0 0 -0 
 0 1 0 -0 
 0 0 1 -0 

0 1
 0.985201 -0.165608 0.0441858 2.25936 
 0.171312 0.959711 -0.222727 -32.5403 
 -0.00552026 0.227001 0.973879 -0.984306 

0 1
 0.51377 0.457315 0.725881 8.77772 
 -0.363377 -0.650451 0.666986 -22.5506 
 0.777173 -0.606446 -0.168004 -12.7786 

0 1
 0.867263 -0.445101 0.223026 19.2587 
 0.460448 0.546761 -0.699314 -35.173 
 0.189323 0.709181 0.679131 -27.1615 


