7
0
0.999998 -0.000183355 0.00189642 -13.2814
0.000188609 0.999996 -0.00277093 0.945826
-0.00189591 0.00277128 0.999994 95.3366
1
0.965836 0.158294 -0.20519 -10.2653
-0.166379 0.985802 -0.0226528 4.55019
0.198691 0.0560181 0.97846 95.6151
2
0.936513 -0.179188 0.301389 0.680328
0.254917 0.938135 -0.23435 -6.66558
-0.240751 0.296301 0.924254 150.705
3
0.991882 -0.0731661 0.104006 -8.67376
0.0815776 0.993526 -0.0790622 2.16289
-0.0975481 0.086905 0.991429 84.5204
4
0.895153 -0.258638 0.363052 -1.70779
0.307386 0.947998 -0.082547 1.64134
-0.322823 0.18549 0.928105 80.9729
5
0.983147 -0.109256 0.146576 4.27555
0.109253 0.993981 0.00809415 3.31541
-0.146578 0.00805618 0.989166 76.2786
6
0.853936 -0.295828 0.428112 2.36319
0.329835 0.944022 -0.00558324 4.74243
-0.402495 0.145974 0.903709 69.6699
