5
0
0.999963 -0.00740196 -0.00434769 -14.1101
0.00740727 0.999972 0.00120641 1.27303
0.00433864 -0.00123857 0.99999 95.3662
1
0.964716 0.151537 -0.215312 -11.0651
-0.159175 0.987077 -0.0184819 4.99371
0.209729 0.052102 0.97637 95.4621
2
0.936486 -0.185582 0.29758 -0.108295
0.25964 0.937284 -0.232565 -6.6623
-0.235757 0.295058 0.925937 150.639
3
0.992087 -0.0729444 0.102189 -17.1666
0.0806876 0.994003 -0.0738061 -0.752163
-0.0961926 0.0814674 0.992023 89.4727
4
0.892157 -0.256872 0.371581 -13.8635
0.304957 0.949335 -0.0759258 -8.95514
-0.333252 0.181054 0.925291 94.6819
5
0.369954 0.199193 0.907445 86.5702
0.878649 0.242323 -0.411406 -58.6608
-0.301844 0.949527 -0.0853725 11.3403
