0 1
 0.999955 0.00723592 0.00621445 0.826111 
 -0.007211 0.999966 -0.00402345 -0.333296 
 -0.00624335 0.00397846 0.999973 -0.0335732 

0 1
 0.999913 0.00754241 0.0108669 0.874335 
 -0.00751594 0.999969 -0.00247432 -0.308604 
 -0.0108852 0.00239243 0.999938 -0.0145802 

0 1
 0.999976 0.00591513 0.00350117 0.72207 
 -0.00590507 0.999978 -0.00287665 -0.129891 
 -0.00351811 0.00285591 0.99999 0.296758 

0 1
 0.999999 -0.000781476 0.00143564 9.1372 
 0.000789226 0.999985 -0.00540557 1.87462 
 -0.0014314 0.0054067 0.999984 -4.26016 

0 1
 0.999938 -0.00346217 -0.0105662 18.6448 
 0.00342445 0.999988 -0.00358538 4.45508 
 0.0105784 0.00354897 0.999938 -8.97248 


